(0.56,0.94,0.21,0.02)
HSL(359,0,0)
HSV(276,33,7)
#cfa9c4
(0.66,0.84,0.59,0.74)
HSV(276,33,7)
HSV(34,23,15)
#c08228
#fb06a9
HSL(247,73,7)
(1.00,1.00,0.90,0.20)
HSV(141,52,51)
HSL(359,100,100)
(0.53,0.46,0.57,1.00)
HSL(278,38,58)
HSL(297,21,58)
#9c2a9f
(0.44,0.52,0.94,0.34)
HSV(241,53,44)
#6c3441
HSL(7,20,94)
HSV(64,0,49)
HSV(209,22,62)
HSL(225,95,0)
#000000
(0.31,0.08,0.33,0.59)
HSV(166,39,100)
#f8321b
#7279d4
(0.92,0.67,0.82,0.81)
(0.16,0.28,0.52,0.85)
HSL(359,0,0)
HSL(0,100,100)
HSV(0,100,100)
HSV(251,44,54)
HSL(99,44,15)
HSV(280,52,58)
HSV(359,0,0)
HSL(133,67,16)
HSL(4,35,84)
(0.39,0.37,0.07,0.53)
HSV(359,100,100)
#82aa5f
HSL(15,26,83)
