-10,2,3,-2,0,5,-15
2,3,-2,-1,10
203,217
112,320,71,124,189,290,156,321,245,147
451
-189,-380,-329,-179,-497,-316,-118,-449,-215,-70,-153,-234,-158,-239,-367,-312,-50
-472,-201,-291,126,457,-189,52,130,265,91,388,88,-262,-253,-391,-450,-279,-263,77,-388,278,423,489
366,374,30,274
141,-254,-274,-456,85,-211,-356,-268,208,444,103,294,222,-471,314,94,487,-31,164,-107,-445,-171,493,302,276,-115,445,-258,96,-214,494,354,-482,190,386,-93,23,275,-361,340,-457,-383,217,74,488,456,-144,-165,-247,-393,129,295,-280,148,-442,50,-91,440,-379,-178,-88,-482,28,35,-86,-1,-365,-147,167,397,-402,-54,419,-197,-349,-87,-368,-423,151,-209,175,-135,-111,-151,-174,308,-124,272,116,-256,213,-393,44,146
-227,-156,-367,-96,-434,-328,-262,-209,-220,-288,-499,-211,-258,-191
-120,-215,-118,-157,-124,-99,-437,-229,-87,-59,-50,-254
-157,495,-278,172,230,88,-262,218,-57,-279,-158,-337,-394,-401,-98,162,392,-301,154,-50,-5,-338,-247,-55,-229,326,466,-191,426,10,-212,-492,247,-232,-301,427,178,-111,374,8,40,460,-276,276,-277,-70
25,323
312
52,494,-86,-278,-239,103,239,-168,-33,-472,436,-282,-364,88,109,110,-433,174,-382,94,-415,-280,90,385,-150,328,81,-492,-77,151,-473,-11,-115,-245,332,-255,427,114,-205,311,-329,484,-457,363,131,350,475,-205,156,-389,-136,-406,-444,154,122,-168,431,374,481,-238,-149,489,-121,-285,-45,-208,204,341,-93,-135,341,123,-472,-98,9,319,63,31,-425,-68,336,366,-486,-383,305,2,146,-19
254,139,19,10,177,89,110,38,214,191
-118,-430,22,298,-450,-74,-311,28,-32,267,4,-138,57,476,-260,-305,449,197,-261,288,293,-182,-377,287,433,-107,-294,-497,402,-396,388,-126,463,123,188,-42,395,-42,447,12,-429,-468,143,116,452,209,-360,126,-125,-11,353,423,408,-382,190,-164,-76,120,393,66,-313,164,421,-441,-98,-119,-144,-376,-391,216,399,-401,-67,162,-63,199,248,80,466,240,-220,-347,-21,410,118,-432,-37,366,96
-327,-442,-256,-243,-177,-110,-400,-90,-211,-497,-288,-93,-332,-72,-245,-455,-165,-295
-161,-291,146,43,-350,483,27,-369,175,-406,16,-49,-400,-320,-358,-412,82,214,300,340,-400,-144,-456,293,-93,-484,-97,-54,-61,-337,-190,-387,328,-382,-66,100,-48,-441,-341,10,120,-421,-270,360,-459,118,-178,484,-64,54,-135,422,-443,-168,39,-436,221,-362,-259,-320
332,94,473,229,474,374,308
-280,478,-257,63,-476,131,-486,-465,299,-394,-103,470,71,54,-58,-328,242,108,350,-76,-474,-373,-8,377,38,-366,-140,231,-22,-493,149,306,78,28
-1
262,482,-135,-466,-59,-394,-97,33,-409,422,-410,-410,329,393,-213,472,-351,-75,201,466,-82,-128,418,113,358,276,236,-309,489,280,104,-118,-271,31,-14,-256,-409,238,-276,120,-438,224,238,-483,-177,196,348,-111,96,-5,328,-262,-84,400,134,-93,475,-488,-383,465,-258,159,-346,-243,356,-23,-85,-330,-415,180,422,-379,201,-312,435,-143,306,349
0,0,0,0,0
98,159,-449,-69,-290,-472,-219,-265,138,396,-373,196,226,422,236,-339,338,-30,479,336,324,-440,-379,96,185,269,15,288,84,94,13,-358,21,-424,-451,3,210,-458,-310,-448,112,20,-342,483,-151,-122,-237,35,8
-376,-404,-330,-355,-189,-178,-300,-379,-132,-143
-273,-158,-13,99,391,-64,-360,-448,71,-12,-265,430,357,-448,140,399,-98,-500,24,-264,-461,86,368,-181,281,-29,228,256,257,335,140,-25,214,-154,433,-265,188,-353,-17,291,-11,193,315,116,-350,111,330,168,81,-17,94,-369,393,-427,163,487,304,-52,379,-171,-228,-95,129,171,-349,272,-162,25,-5,-299,-63,129,436,-105,-234,-44,-330,127,321,333,-95,-270,-216,369,-453,-319
436,206,242,42,401
16,309,304,110,425,407,215
-405,-182,164,341,200,-284,-221,407,-423,-306,432,312,-268,-337,-216,-11,284,162,485,-256,310,-29,-280,-496,-482,419,178,-50,-359,-398,-355,218,388,-80,-463,462,413,496,468,-58,-122,-395,-46,-181,85,380,-23,-37,217,-11,46,160,256,-77,36,-400,315,-71,-267,-85,392,-247,404,-495,249,264,-77,223,-164,156,-178,-161,-79,-385,-16,4,-4,-319,-122,491,237,-169,11,-430,-225,446,-413,-350,51,116,12
-492,-163,-442,-163,-362,-255,-53,-56,-119,-98,-214,-218,-357,-361,-440,-284,-286
-117,-30,485,375,266,236,-95,383,99,313,137,-131,156,-27,-204,198,-494,59,-257,385,30,-497,-180,-346,-86,-199,-490,313,296,366,-263,-359,-243,-279,-386,179,-351,183,-390,420,431,446,219,292,322,421,-245,-155,-447,-85,349,-304,306,53,-432,156,-186,449,-399,486,2,-114,175,-62,348,-267,401
-418,-438,-488,-220,-427,-207,-273,-375,-112,-399,-442,-234
-245,-418,359,336,-51,440,-404,234,197,102,-281,-231,313,98,-471,282,464,-391,212,309,-312,222,85,51,-21,477,30,412
-205,-162,-377,-411,-394,-53,-72,-356,-82
-160,-96
285,91,-197,-485,-59,-460,322,127,443,384,361,318,312,210,119,-264,73,-208,-93,-91,180,-239,270,172,303,-12,-118,382,21,-325,-272,124,284,-104,479,21,367,-112,494,376,281,-168,192,-318,-271,-298,-129,269,190,-191,-160,-438,-98,-267,-290,-427,488,495,-123,-484,-64,28,34,-495,474,-147,-392,-307,-180,456,119,-211,-114,-297,255,-289,-38
388,252,22,35,463
-264,139,-311,-47,250,-295,-425,232,164,347,85,47,320,418,-373,459,-282,-434,-189,435,177,-18,-461,-457,323,497,-255,281,191,-266,-200,-158,-199,234,-224,-424,54,65,-255,-373,227,93,-366,276,315,-14,273,459,-41,256,-416,99,364,-75,-185,394,-344,342,-267,-331,-487,-60,126,-283,-356,225,-84,60,-500,-55,-216,431,-395,384,138,-144,-375,59,-96
32,299,245,124,379,350,43,303,2
-467,-469,-354,342,404,287,-8,425,-496,-138,-96,-95,-39,395,155,-451,359,361,-395,-105,-179,189,-162,295,-332,121,-67,166,442,478,398,124,434,-321,466,454,-429,92,-326,-444,59,-490,241,-406,235,8,-81,-308,103,-79,-10,288,305,159,-28,74,-110,-366,-438,296,-453,448,-437,471,-190,355,329,-290
187,409,31,275,52,281,-378,-492,365,232,-40,-340,57,-164,344,-239,-400,143,-281,343,-254,-441,404,-280,-119,369,36,-445,134,-128,352,461,137,-276,201,-55,432,498,-432,91,-297,-145,-417,192,21,213,-358,494,-372,121,-241,-206,-357,-165,-370,132,-109,-221,52,-380,209,-115,294,13,432,274,-426,380,-258,135,489,-285,47,111,265,-447,28,43,402,428,-209,463,125,-389,-149,-173,-491,-472,-228,-227,-344,-420,472,-230,-128,495,-186
