11 | 11
1001 | 0110 | 1001 | 0110
110 | 101 | 111
000 | 000 | 000
110011100111001 | 010010100101001 | 010010100101001 | 101011010110101 | 101101011010110 | 110011100111001 | 010010100101001 | 010010100101001 | 101011010110101 | 101101011010110 | 110011100111001 | 010010100101001 | 010010100101001 | 101011010110101 | 101101011010110
11011 | 00011 | 11011 | 10111 | 00111
11001100110011001100 | 10111011101110111011 | 01110111011101110111 | 11011101110111011101 | 11001100110011001100 | 10111011101110111011 | 01110111011101110111 | 11011101110111011101 | 11001100110011001100 | 10111011101110111011 | 01110111011101110111 | 11011101110111011101 | 11001100110011001100 | 10111011101110111011 | 01110111011101110111 | 11011101110111011101 | 11001100110011001100 | 10111011101110111011 | 01110111011101110111 | 11011101110111011101
011011011011011 | 000000000000000 | 110110110110110 | 011011011011011 | 000000000000000 | 110110110110110 | 011011011011011 | 000000000000000 | 110110110110110 | 011011011011011 | 000000000000000 | 110110110110110 | 011011011011011 | 000000000000000 | 110110110110110
11 | 10
100100 | 111111 | 011011 | 100100 | 111111 | 011011
010010010010 | 110110110110 | 000000000000 | 010010010010 | 110110110110 | 000000000000 | 010010010010 | 110110110110 | 000000000000 | 010010010010 | 110110110110 | 000000000000
001001001001 | 110110110110 | 000000000000 | 001001001001 | 110110110110 | 000000000000 | 001001001001 | 110110110110 | 000000000000 | 001001001001 | 110110110110 | 000000000000
0101001010 | 1010010100 | 0111101111 | 0011100111 | 1001110011 | 0101001010 | 1010010100 | 0111101111 | 0011100111 | 1001110011
0101 | 1111 | 0101 | 1111
0100001000010000100001000 | 0100101001010010100101001 | 1000010000100001000010000 | 1100111001110011100111001 | 0011100111001110011100111 | 0100001000010000100001000 | 0100101001010010100101001 | 1000010000100001000010000 | 1100111001110011100111001 | 0011100111001110011100111 | 0100001000010000100001000 | 0100101001010010100101001 | 1000010000100001000010000 | 1100111001110011100111001 | 0011100111001110011100111 | 0100001000010000100001000 | 0100101001010010100101001 | 1000010000100001000010000 | 1100111001110011100111001 | 0011100111001110011100111 | 0100001000010000100001000 | 0100101001010010100101001 | 1000010000100001000010000 | 1100111001110011100111001 | 0011100111001110011100111
01110111011101110111 | 01110111011101110111 | 01000100010001000100 | 00100010001000100010 | 01110111011101110111 | 01110111011101110111 | 01000100010001000100 | 00100010001000100010 | 01110111011101110111 | 01110111011101110111 | 01000100010001000100 | 00100010001000100010 | 01110111011101110111 | 01110111011101110111 | 01000100010001000100 | 00100010001000100010 | 01110111011101110111 | 01110111011101110111 | 01000100010001000100 | 00100010001000100010
111111111111111 | 000000000000000 | 100100100100100 | 111111111111111 | 000000000000000 | 100100100100100 | 111111111111111 | 000000000000000 | 100100100100100 | 111111111111111 | 000000000000000 | 100100100100100 | 111111111111111 | 000000000000000 | 100100100100100
1000 | 0100 | 0011 | 1101
010010010010 | 011011011011 | 010010010010 | 010010010010 | 011011011011 | 010010010010 | 010010010010 | 011011011011 | 010010010010 | 010010010010 | 011011011011 | 010010010010
1011110111101111011110111 | 1101111011110111101111011 | 1011010110101101011010110 | 1011010110101101011010110 | 1000010000100001000010000 | 1011110111101111011110111 | 1101111011110111101111011 | 1011010110101101011010110 | 1011010110101101011010110 | 1000010000100001000010000 | 1011110111101111011110111 | 1101111011110111101111011 | 1011010110101101011010110 | 1011010110101101011010110 | 1000010000100001000010000 | 1011110111101111011110111 | 1101111011110111101111011 | 1011010110101101011010110 | 1011010110101101011010110 | 1000010000100001000010000 | 1011110111101111011110111 | 1101111011110111101111011 | 1011010110101101011010110 | 1011010110101101011010110 | 1000010000100001000010000
1111 | 0101 | 1111 | 0101
1010101010101010 | 1001100110011001 | 0010001000100010 | 0111011101110111 | 1010101010101010 | 1001100110011001 | 0010001000100010 | 0111011101110111 | 1010101010101010 | 1001100110011001 | 0010001000100010 | 0111011101110111 | 1010101010101010 | 1001100110011001 | 0010001000100010 | 0111011101110111
11101110 | 00000000 | 01100110 | 10101010 | 11101110 | 00000000 | 01100110 | 10101010
10101010 | 00000000 | 10101010 | 00000000 | 10101010 | 00000000 | 10101010 | 00000000
11111111111111111111 | 01110011100111001110 | 00111001110011100111 | 01110011100111001110 | 10100101001010010100 | 11111111111111111111 | 01110011100111001110 | 00111001110011100111 | 01110011100111001110 | 10100101001010010100 | 11111111111111111111 | 01110011100111001110 | 00111001110011100111 | 01110011100111001110 | 10100101001010010100 | 11111111111111111111 | 01110011100111001110 | 00111001110011100111 | 01110011100111001110 | 10100101001010010100
1001 | 0110 | 1001 | 0110
0111 | 1011 | 0101 | 1010
101 | 011 | 000
011010110101101 | 000100001000010 | 010000100001000 | 001010010100101 | 100111001110011 | 011010110101101 | 000100001000010 | 010000100001000 | 001010010100101 | 100111001110011 | 011010110101101 | 000100001000010 | 010000100001000 | 001010010100101 | 100111001110011
000000000 | 110110110 | 000000000 | 000000000 | 110110110 | 000000000 | 000000000 | 110110110 | 000000000
00000000000000000000 | 10111011101110111011 | 01100110011001100110 | 01110111011101110111 | 00000000000000000000 | 10111011101110111011 | 01100110011001100110 | 01110111011101110111 | 00000000000000000000 | 10111011101110111011 | 01100110011001100110 | 01110111011101110111 | 00000000000000000000 | 10111011101110111011 | 01100110011001100110 | 01110111011101110111 | 00000000000000000000 | 10111011101110111011 | 01100110011001100110 | 01110111011101110111
10011001 | 11111111 | 10011001 | 00100010 | 10011001 | 11111111 | 10011001 | 00100010
10 | 11
111111 | 111111 | 111111 | 111111 | 111111 | 111111
100100100 | 001001001 | 101101101 | 100100100 | 001001001 | 101101101 | 100100100 | 001001001 | 101101101
010010 | 111111 | 010010 | 010010 | 111111 | 010010
11001 | 10100 | 11111 | 01011 | 11010
0101 | 0000 | 0101 | 0000
0111101111011110111101111 | 1110111101111011110111101 | 1101011010110101101011010 | 0000100001000010000100001 | 1100111001110011100111001 | 0111101111011110111101111 | 1110111101111011110111101 | 1101011010110101101011010 | 0000100001000010000100001 | 1100111001110011100111001 | 0111101111011110111101111 | 1110111101111011110111101 | 1101011010110101101011010 | 0000100001000010000100001 | 1100111001110011100111001 | 0111101111011110111101111 | 1110111101111011110111101 | 1101011010110101101011010 | 0000100001000010000100001 | 1100111001110011100111001 | 0111101111011110111101111 | 1110111101111011110111101 | 1101011010110101101011010 | 0000100001000010000100001 | 1100111001110011100111001
00110011001100110011 | 10011001100110011001 | 01010101010101010101 | 01000100010001000100 | 00110011001100110011 | 10011001100110011001 | 01010101010101010101 | 01000100010001000100 | 00110011001100110011 | 10011001100110011001 | 01010101010101010101 | 01000100010001000100 | 00110011001100110011 | 10011001100110011001 | 01010101010101010101 | 01000100010001000100 | 00110011001100110011 | 10011001100110011001 | 01010101010101010101 | 01000100010001000100
0010 | 1001 | 0101 | 1101
101101101101101 | 110110110110110 | 000000000000000 | 101101101101101 | 110110110110110 | 000000000000000 | 101101101101101 | 110110110110110 | 000000000000000 | 101101101101101 | 110110110110110 | 000000000000000 | 101101101101101 | 110110110110110 | 000000000000000
10011001 | 10111011 | 00110011 | 01000100 | 10011001 | 10111011 | 00110011 | 01000100
0000000000 | 0000000000 | 0000000000 | 0000000000 | 0000000000 | 0000000000 | 0000000000 | 0000000000 | 0000000000 | 0000000000
