4 1 4 2 3
3 7 7 8
9 8 9 7 10 6 12 17 24 38
32 -408 -409 -411 -414 -410 -415 -421 -414 -422 -431 -421 -432 -444 -431 -417 -432 -448 -465 -483 -464 -484 -463 -441 -464 -440 -465 -439 -466 -494 -523 -493 -462
133 -175 -174 -172 -169 -173 -168 -174 -181 -173 -164 -174 -185 -197 -184 -198 -213 -229 -212 -230 -249 -269 -248 -226 -203 -227 -252 -278 -251 -223 -252 -222 -253 -285 -318 -284 -249 -285 -322 -360 -321 -281 -322 -280 -237 -281 -326 -372 -325 -277 -228 -178 -229 -281 -228 -282 -337 -393 -450 -392 -451 -391 -330 -268 -331 -267 -332 -266 -333 -401 -332 -402 -473 -401 -328 -254 -329 -253 -176 -98 -177 -257 -338 -256 -173 -89 -4 -90 -177 -265 -176 -266 -357 -265 -172 -78 17 113 16 114 213 113 214 112 9 -95 10 116 9 -99 10 120 9 121 8 -106 -221 -105 -222 -104 -223 -343 -222 -100 -223 -99 26 152 279 151 280 410 279 411
9 8 9 7 10 6 12 17 24 38
107 194 571 303 342 -593 19 -620 452 -794 -520 -393 -60 -876 300 899 -669 -455 279 -428 -981 2 -100 -646 248 834 131 -527 -749 25 395 349 -741 -286 -450 -240 763 563 251 -614 -433 446 788 -884 522 -110 -716 542 -181 688 -626 667 -792 229 -407 -953 779 132 190 -950 -895 -544 984 237 307 730 -993 -692 893 785 700 -577 -525 -490 -867 -840 -818 -888 -198 -672 -712 732 939 619 766 -350 560 569 -23 31 -483 682 622 -267 -527 -192 -803 807 -961 -569 479 349 -698 753 -443 -325 251 714
114 68 67 69 66 62 67 61 54 46 37 47 58 46 33 47 62 46 29 47 66 86 107 129 152 176 151 177 150 178 149 119 150 118 85 119 84 48 85 47 8 -32 9 51 8 -36 9 -37 10 58 107 157 208 260 207 261 206 262 205 147 88 28 -33 29 -34 30 95 161 228 160 91 21 92 20 93 167 242 318 395 473 552 632 551 469 386 470 385 471 558 470 559 649 558 466 373 467 562 466 369 467 566 466 365 263 160 264 369 263 156 264 373 483 594 482 369
89 -589 348 364 693 291 44 487 -74 -329 -651 62 95 903 282 280 -151 779 -916 -99 753 851 -52 656 -501 553 623 478 -603 -832 -41 -386 -241 -199 -682 -158 -515 -261 -333 958 -859 941 18 -74 871 263 -306 557 -550 -72 -935 737 -377 -176 561 66 -557 997 -860 452 -997 831 -64 659 851 625 -699 -325 385 160 -812 509 -821 153 -229 255 60 85 -153 456 -911 -437 -942 725 895 680 856 443 -390 -505
28 -798 794 -215 -378 859 532 -767 663 -912 321 -212 -860 -349 526 -792 -439 -503 942 -149 -836 211 845 -571 222 -592 -377 615 123
150 -514 791 79 155 996 861 893 127 -364 842 -578 -431 -324 -805 -116 278 -567 -759 -266 -283 -629 906 940 -202 279 -487 670 -349 -828 -89 492 -128 -916 -661 451 90 -702 935 87 -956 362 -482 -63 39 263 383 -906 -323 -413 916 800 -92 -435 -989 -6 -127 362 -297 157 247 142 -970 598 69 655 -427 -100 178 74 704 -719 -513 223 455 -760 -238 -902 876 -634 646 196 -322 -706 564 -37 -259 96 -984 -495 -656 -403 -724 903 -145 158 674 -62 961 -909 -572 -374 -347 772 -189 -683 215 216 -798 276 647 -500 -322 -154 -603 -965 -840 -78 -750 -338 247 -534 -89 137 391 -734 489 150 -402 366 -626 -603 -238 676 278 -377 11 -443 386 -21 -303 -248 -30 888 982 -990 210 52 -818 -908 -420
90 403 402 404 401 397 392 386 379 387 396 406 417 405 392 406 421 405 422 440 421 401 380 402 379 355 380 354 381 409 438 408 377 345 312 346 311 347 310 348 387 347 388 430 387 343 388 342 389 437 388 338 389 441 494 440 495 439 496 438 379 439 500 438 501 437 372 438 505 437 506 576 505 577 650 576 651 727 650 728 807 727 646 564 481 565 480 394 481 569 480
35 251 180 180 117 -157 421 779 734 852 594 -142 -226 414 -445 -856 -583 74 927 -209 -399 487 318 617 172 424 -49 -29 -896 -682 734 655 598 598 -292 72
40 240 241 243 240 244 249 243 236 228 219 209 198 186 173 187 202 218 201 183 164 184 205 183 206 230 255 281 254 226 255 285 316 348 315 281 246 282 245 283 244
149 80 81 79 76 72 67 73 80 72 63 53 42 30 17 3 -12 -28 -45 -27 -8 -28 -7 15 38 14 -11 -37 -64 -36 -7 23 54 86 53 19 -16 20 -17 21 60 100 59 101 58 14 59 105 58 106 57 7 -44 -96 -43 -97 -42 -98 -41 17 -42 18 79 17 -46 18 -47 19 -48 20 -49 21 92 164 91 17 -58 18 -59 -137 -216 -136 -217 -299 -382 -298 -213 -299 -386 -298 -387 -297 -206 -298 -205 -111 -206 -110 -13 85 -14 -114 -13 89 -14 90 195 301 194 302 411 301 412 300 187 73 -42 -158 -41 77 -42 78 -43 -165 -288 -164 -39 87 214 86 215 345 214 82 -51 -185 -50 86 -51 87 226 86 227 369 226 370 515 369 222 74
121 633 645 -30 -321 201 -982 -26 188 50 -505 949 -190 341 687 374 702 723 -469 116 -366 -372 155 -822 -52 -895 369 521 -421 -509 278 556 764 -36 -392 334 272 -510 -779 -807 -852 447 -138 176 655 884 -965 -690 -809 353 -80 24 104 -556 -679 13 288 -676 937 -528 -644 -373 328 444 731 717 -735 -121 418 -744 -189 231 -207 323 828 594 -217 -113 473 -614 233 -905 308 -258 -208 933 992 -116 696 591 -305 341 -539 102 43 138 786 456 -793 -865 122 807 -947 30 -809 838 -626 661 437 784 745 -536 -701 723 -268 258 724 395 -888 606 -87 -867
121 31 32 30 27 31 26 20 13 21 12 2 -9 -21 -8 -22 -7 9 26 44 63 83 62 40 63 39 64 90 117 145 174 204 173 141 108 74 109 145 108 70 109 149 190 232 275 231 186 232 279 327 376 326 275 223 276 330 275 331 274 216 275 215 276 214 151 215 280 346 279 347 278 348 277 205 278 204 129 205 282 360 281 361 442 360 277 193 278 364 451 363 452 362 271 363 270 364 269 173 76 174 273 173 72 -30 -133 -29 76 -30 -137 -245 -136 -246 -357 -469 -356 -242 -127 -243 -126 -244 -363 -483
57 393 392 390 387 383 378 384 377 369 360 370 359 371 358 372 357 373 390 408 389 369 348 326 303 279 304 278 305 333 304 334 303 335 368 334 299 335 372 410 371 411 452 494 451 407 362 408 455 503 552 602 653 705 652 598 543 599
130 56 55 53 56 52 57 51 58 66 75 85 74 86 99 85 100 116 99 81 100 80 59 37 14 38 63 37 10 38 67 97 66 34 67 101 136 172 135 173 134 94 135 177 220 176 131 177 224 272 223 273 324 272 325 379 434 490 433 491 432 492 431 493 430 366 431 497 430 498 567 497 568 640 567 641 566 490 567 489 568 488 407 489 572 488 573 487 574 662 573 483 392 484 577 483 388 484 387 485 386 286 387 489 592 488 383 489 596 704 813 703 814 702 589 703 588 472 355 237 356 236 115 237 114 -10 -135 -261 -134 -262 -133
60 16 934 113 662 986 210 -782 717 -951 -767 -855 187 661 831 -784 -175 474 -111 -650 -337 420 337 -151 577 -550 -292 -897 -977 -365 478 -807 566 -133 -927 75 334 274 905 -603 717 -92 -65 307 -732 207 -742 616 858 221 685 -74 638 475 -377 -98 -436 190 -985 832 917
53 -494 -493 -495 -492 -488 -483 -477 -484 -476 -485 -475 -464 -476 -489 -503 -488 -472 -489 -507 -488 -468 -489 -467 -444 -420 -445 -471 -444 -472 -501 -471 -502 -470 -503 -469 -504 -540 -503 -541 -502 -542 -583 -541 -584 -628 -673 -627 -580 -628 -579 -529 -580 -632
137 807 877 832 -428 557 -366 -761 903 -466 -516 531 114 83 997 -370 -332 -560 -96 -507 -947 271 -222 -544 29 374 -803 -544 649 722 486 64 -246 291 364 896 976 -876 -593 -663 -898 -508 414 -249 -746 -299 401 -58 259 -654 359 432 220 -953 475 867 593 -81 -90 -632 -894 -547 142 -250 407 -704 -60 559 532 381 -839 -630 -255 -372 -502 -24 191 -927 -317 -14 469 -534 -800 380 -673 919 -551 -266 -187 435 546 -491 -327 -197 536 543 228 305 -305 229 520 -566 -328 410 242 237 782 -269 -459 -557 -153 384 864 -871 486 -303 557 796 -268 892 136 684 -153 539 -235 494 -348 991 600 -892 -753 140 475 -756 973 -119 -143 926
14 -498 -577 -627 -202 -561 -450 230 -153 95 -289 149 -419 -694 111
66 631 864 319 58 -71 769 761 251 -371 -570 837 940 -3 990 -430 -220 663 917 247 -66 109 229 -537 885 -557 -865 578 -471 -835 794 -157 644 -609 126 -393 100 -459 -453 -84 -663 -374 229 707 -648 -237 -111 -69 337 -670 -257 -111 -251 463 -608 693 -911 689 658 212 137 -683 -24 157 -354 -393 -714
128 -553 -216 -497 -130 962 -473 595 651 484 72 621 -208 -382 444 -972 160 991 -284 -307 -745 691 976 -285 114 418 -825 -865 47 316 702 -176 369 -920 -271 -747 -727 -350 -518 959 966 -308 918 799 389 -986 -540 473 -294 599 -713 939 442 -786 817 288 -333 962 831 891 -120 316 847 -548 -311 -124 701 -503 -883 338 -680 31 -402 -911 -103 -825 -463 117 -722 564 23 787 -925 697 -296 934 -340 -425 -378 -371 274 930 243 -117 -626 -250 -480 699 283 -212 -937 360 -34 910 14 964 521 355 923 -901 -939 -995 131 143 -653 457 -464 327 -291 607 -641 931 -298 -362 -697 918 765 -890 697
78 67 68 66 69 73 68 74 81 89 80 70 81 93 80 66 51 35 18 36 17 -3 18 -4 19 -5 -30 -4 23 -5 24 -6 -37 -69 -102 -136 -101 -65 -102 -64 -103 -143 -102 -60 -103 -147 -102 -56 -9 -57 -106 -156 -207 -155 -102 -48 -103 -47 -104 -46 13 73 12 74 137 201 266 200 133 65 -4 -74 -145 -73 0 74 -1 -77 -154
99 -906 -560 259 -370 -224 -206 724 506 135 421 -313 748 521 -587 -112 221 -643 -677 254 -870 298 972 871 472 -568 465 -963 -932 840 713 165 -498 675 -668 -247 -212 -146 97 884 -631 781 65 176 289 95 -847 -87 936 -115 -445 -549 428 -125 249 -579 169 -944 336 218 630 5 -960 -590 406 760 496 110 992 -649 247 300 -400 -978 623 -101 542 -347 -498 848 247 377 914 861 -999 283 755 685 609 -900 373 375 340 -123 -145 -79 -549 -694 77 870
27 -207 324 181 -600 35 -959 -318 928 -681 789 562 -845 -926 363 246 -16 7 -108 -508 798 -852 -904 185 -256 493 -298 978
19 -271 -272 -270 -267 -271 -276 -282 -289 -281 -290 -280 -291 -303 -316 -330 -315 -331 -348 -330
46 -517 697 -116 763 -265 -878 -299 680 -504 73 -214 646 501 66 558 -86 -233 -255 -636 149 -596 115 -175 -329 -109 106 -376 -587 464 -133 930 -509 -997 327 -15 707 -298 68 534 -719 798 -611 -63 -747 542 -320
68 -429 -428 -426 -429 -425 -430 -424 -417 -409 -400 -410 -399 -411 -424 -410 -425 -409 -392 -374 -355 -375 -354 -332 -309 -333 -308 -282 -309 -337 -308 -338 -307 -339 -306 -340 -375 -411 -374 -336 -375 -415 -374 -416 -373 -329 -374 -328 -375 -327 -278 -228 -279 -331 -278 -224 -279 -223 -280 -222 -163 -103 -164 -226 -163 -227 -292 -226 -293
62 378 377 375 378 382 387 393 400 408 399 389 378 390 403 389 374 358 375 393 412 392 371 349 326 350 325 351 324 296 325 355 386 354 387 421 386 350 313 351 390 430 471 429 472 516 561 607 560 608 559 609 660 608 555 609 554 610 667 725 784 844 905
117 -214 -213 -211 -214 -218 -223 -229 -222 -214 -205 -215 -226 -214 -227 -213 -198 -214 -231 -249 -268 -288 -309 -331 -308 -284 -309 -283 -310 -282 -311 -281 -250 -282 -315 -281 -316 -280 -243 -205 -244 -284 -243 -285 -328 -284 -329 -375 -328 -376 -327 -277 -328 -276 -223 -169 -114 -58 -115 -173 -232 -172 -111 -49 14 78 143 209 276 208 139 209 280 352 425 499 574 650 727 805 884 804 723 805 722 638 723 809 722 810 899 989 898 806 899 805 900 804 901 803 704 804 905 803 906 802 697 803 910 802 693 583 472 360 473 587 472 588
109 -424 -423 -425 -428 -424 -429 -423 -416 -408 -417 -427 -438 -450 -463 -477 -492 -476 -493 -511 -530 -510 -489 -511 -534 -558 -533 -559 -586 -614 -643 -613 -582 -550 -583 -549 -584 -620 -583 -621 -582 -542 -583 -625 -668 -624 -669 -715 -762 -810 -761 -711 -660 -712 -765 -819 -764 -708 -765 -823 -882 -822 -761 -823 -760 -824 -889 -955 -888 -820 -751 -821 -892 -964 -891 -965 -890 -814 -891 -969 -890 -970 -889 -971 -888 -972 -887 -801 -714 -626 -715 -625 -534 -626 -719 -625 -530 -434 -531 -433 -334 -234 -133 -31 -134 -238 -133 -239 -346 -454
9 8 9 7 10 6 13 17 24 32
54 -17 -18 -20 -23 -19 -24 -18 -11 -19 -28 -38 -49 -37 -24 -38 -53 -69 -52 -34 -53 -73 -94 -116 -139 -115 -90 -116 -89 -117 -146 -116 -147 -179 -146 -180 -145 -109 -146 -108 -147 -107 -148 -106 -149 -193 -148 -194 -241 -193 -242 -292 -343 -395 -342
66 453 454 452 455 459 464 470 463 471 480 490 479 467 454 468 483 499 516 498 479 499 478 456 433 457 432 458 431 459 430 460 429 397 430 396 431 467 430 468 429 469 428 470 427 383 338 384 337 289 240 290 239 291 344 290 345 289 346 404 463 523 462 400 337 273 208
93 -378 -379 -381 -384 -388 -393 -387 -394 -386 -395 -405 -394 -406 -419 -433 -418 -402 -419 -401 -382 -362 -383 -405 -428 -404 -379 -353 -326 -354 -325 -295 -326 -358 -325 -291 -256 -220 -183 -145 -184 -224 -183 -141 -184 -228 -273 -319 -366 -414 -463 -513 -564 -512 -459 -513 -458 -402 -459 -401 -342 -282 -343 -281 -344 -408 -473 -539 -472 -540 -471 -541 -612 -684 -757 -831 -906 -982 -905 -827 -748 -668 -749 -831 -748 -664 -579 -665 -752 -664 -753 -663 -572 -664
103 -371 -370 -372 -375 -379 -374 -368 -375 -367 -376 -366 -355 -367 -380 -394 -379 -395 -378 -360 -379 -399 -378 -400 -423 -399 -424 -450 -423 -451 -422 -392 -361 -393 -426 -460 -425 -389 -352 -314 -275 -315 -356 -398 -441 -397 -352 -306 -353 -401 -352 -302 -251 -303 -250 -304 -249 -193 -136 -194 -253 -193 -254 -192 -255 -319 -254 -320 -253 -185 -254 -324 -395 -323 -250 -324 -249 -325 -402 -480 -559 -639 -558 -476 -559 -643 -728 -642 -555 -467 -378 -468 -377 -285 -192 -98 -193 -289 -192 -290 -389 -289 -188 -86
32 -974 921 -314 859 -45 -271 417 856 858 -546 473 -573 896 -38 803 841 462 -209 268 -744 -293 -970 -38 -960 -361 -765 510 -858 556 328 -167 -510
96 628 108 -506 238 -699 -368 341 566 -610 891 -801 -753 -276 -33 -297 -169 -275 55 -866 -81 287 -244 -237 915 105 348 -799 189 925 697 -544 723 -490 -853 141 0 390 -587 -324 -662 -997 205 542 -349 902 -853 548 -895 756 -392 571 401 -36 -835 890 354 393 97 203 369 -781 -806 682 212 -977 -493 -158 -208 199 -106 -606 594 -229 54 -953 220 -761 957 -794 -986 65 300 -882 825 -747 784 -582 -94 897 -630 -985 738 359 -800 -218 -898
104 -284 -56 208 -478 -174 -664 -117 860 -367 -181 -83 268 361 843 -914 684 88 -340 523 445 687 816 457 -944 612 42 -730 -41 -638 550 -749 986 -142 -127 269 246 -633 -247 -50 484 424 59 415 -865 -870 -830 -444 -169 821 47 175 92 -604 482 443 816 816 464 936 -260 616 914 -805 -157 -888 414 -507 -759 -80 285 518 -646 -945 -43 673 734 -706 511 136 -330 -747 -621 -707 -989 -419 -925 720 -412 -777 -254 -73 86 6 368 -417 998 -767 898 -10 -84 966 -795 673 -359
3 7 7 8
