1 2 3 4
10 -2 3 4
-10 56 32 5 36 24 48 57 73 62 16 86 83 -2 99 84 20 95 -47 -37 65 44 -75 -24 -61 -73 60 -64 9 48 -37 -13 -30 -64 -43 23 -56 -46 -68 52 11 -32 15 -35 53 -59 15 -85 14 32 65 51 -27 -48 90 83 79 -69 77 74 -99 71 -67 -95 -81 -12 49 -5 -28 52 -60 -3 -44 76 -7 -47
-69 -66 -43 -50 -42 45 96 -53 -46 -4 -91 -98 -89 74 -51 -94 52 -66 -44 -53 81 34 10 32 54 -78 19 53 15 -6 49 87 87 66 -24 23 29 -17 62 -26 48 -17 41 -84 -90 -77 29 26 -69 -61 7 -94 -73 -91 -53 17 -31 98 85 -90 -54 26 -82 0 -64 37 64 24 -100 -68 52 66
50 -42 59 8 -91 -81 84 -42 -67 24 -38 -80 -17 78 -32 10 56 7 31 70 32 -40 -50 -36 97 97
84 10 35 -29 -69 25 -84 -78 19 -74 93 -60 85 -30 -82 -47 43 -81 32 56
-40 -80 -53 75
-47 39 61
5 37 -81 3 85 44 -56 87 -89 37 -79 -95 -18 53 -21 -48 -39 34 -96 6 68 41 49 70 7 -59 22 97 -30 -53 -99 48 -100 16 -32 -96 -63 92 85 -90 -24 42 -81 21 99 -88 44 -76 89 -81 100 -40 74 41 -75 -30 61 90 -12 -12 68 18 -100 -88 28 40 -88 60 90 -62 -1
96 -12 -20 80 74 -55 -62 -5 -51 -36 28 52 -96 -30 33 70 41 -18 -65 -88 21 -54 -99 82 14 67 88 -58 47 22 13 11 35 2 -77 -78 21 -88 -6 -6 -34 -75 -54 -25 -47 -63
5 -12 -86 91 60 -50 37 13 -22 -55 42 -36 78 -26 -55 46 25 64 -57 74 28 -66 -22 99 38 11 -86 84 70 14 -85 -86 -46 40 24 -86 20 72 57 65 -27 -10 -18 70 -61 37 -87 -53 -9 -12 27 -79 36 -40 56 41 38
10 100 1 2 5 -9 0
44 52 -28 -99 -22 -68 -8 52 80 17 -33 -30 93 72 -23 88 48 62 24 -66 -63 77 -94 35 76 -81 -94 5 79 -83 97 -64 -72 -43 -77 -39 26 -41 -26 -78 71 -95 -61 -36 49 -20 25
47 83 -45
1 2 3 4
84 85 -18 -12 -29 -8 -71 -28 99 -17 -83 -65 84 -29 6 83 76 53 36 47 -78 77 -3 46 7 -93 8 -36 -15 49 64 37 29 23 -31 98 10 48 -88 17 -83 -86 -26 -76 -96 -51 60 -50 42 -30 -91 72
55 15 37 52 -25 32 100 7 -3 33 23 61 11 29 -70 -96 17 -85 52 100 64 90 -74 -29 99 -53 3 -84 60 -52 37 32 -98 -77 4 -74 -46 -42 -47 -43 50 6 -8 -19 17 12 73 73 -3 -65 87 29 -37 20 89 -43 -12 36 88 -62 -34 -75 78 -45 -25 -27 -86 -43 51 1 29 39 57 -18 -70 -99 0 41 -88 20 73 74 88 -11 25 4 -42 39 -7 34 85 -34 -30 -89 -82 78 -35 74 41 19
66 -70 -42 -78 -95 -84 50 -81 90 77 26 -55 -1 -78 85 -85 76 72 30 56 -90 -89 81 -5 36 -62 -2 -41 -26 89 84
-65 43 59 4 17 -31 52 87 -86 -95 -16 -80 89 -29 61 65
10 -1
85 -7 52 41 81 -20 72 -81 -68 -15 57 54 49 -61 18 44 44 -26 95 -79
10 20 30 40
94 -12 -32 -60 -2 -51 -80 15 -38 48 -82 82 76 -86 -72 93 100 78 54 -30 -51 -96 -39 -85 -61 -9 42 -42 -49 0 68 27 -68 -95 -13 15 -74 -67 -45 58 28 -69 -55 -7 69 18 36 93 96 34 -49 -18 46 -46 54 88 78 -6 63 92 -41 -72 -78 -1 5 -47 -84 -87 -2 -100 77 -11 55 -76 64 92 -68 59 -52 -7 86 -4 97 57 -47 -71 65 19 97 -64 26
88 43 -83 79 -42 -86 -99 90 -89 58 -72 86 87 44 96 51 -30 99 91 11 6 52 -18
53 43 -88 42 -89 -44 69 -92 -29 -16 -12 -45 -39 -22 -46 72 17 -38 -79 89 -93 21 95 1 -19 42 -2 75 4 -75 19 100 13 -10 -78 -4 -59 -43 -37 0 -35 -100 77 64 -49 33 70 -76 88 61 -13 30 81 -25 47 62 68 58 -83 41 -59 -28 -96 -10 -4 -85 46 -79 -50 20 -53 4 76 -81 68 7 -2 84 -100 -13 57 -60 87 -48 -78 0 64 46 91 86
-51 -55 -51 -67 35 54 -63 -98 70 -49 -20 1 90 -28 88 71 -12 -52 -46 13 -6 49 -60 50 69 49 50 -67 -62 -82 99 63 -100 17 52 -29 -49 14 24 4 -14 57 25 54 -64 19 -53 -72 -80 23
-55 -86 16 -52 -55 70 43 -50 4 -55 -54 -83 10 -34 68 -46 68 49 -48 79 78 -9 25 -66 -38 6 0 56 -82 -85 -48 -59 62 43 58 6 -58 84 -2 47 61 -95 57 -69 -21 58 -77 -24 90 63 -46 -35 -90 -64 75 70 2 70 -74 -65 -17 -100 -48 87 98 44 -16 69 -100 64 53 79 -68 19 -59 -72 72 -80 1 -20 -4 -2 -12
-87 -72 95 90 28
91 41 80 -64 -37 54 78 11 -65 71 -86 -61 -9 90 -79 48 98 -49 -10 -77 -12 -18 0 21 -86 -96 68 -44 100 43 -23 -96 94 94 76 -15 -39 45 86 -36 -81 -36 -92 -4 -11 -86 -84 -7 -13 -37 -36 41 83 81 51 19 -26 -100 -57 -92 -45 -87 -12 95 71 -57 8 -94 41 -100 88 15 26 -22 7 58 88 -37
15 -3 17 74 67 -41 94 -48 64 -33 -4 88 -37 79 -20 -5 13 79 13 62 -62 -58 11 38 -42 49 68 5 -72 90 29 77 55 57 21 -49 -90 -17 -76 93
20 -30 -81 100 9 24 71 67 69 95 22 -53 -3 1 -18 -27 2 26 -52 38 -71 10 62 70 11 13 27 27 -90 70 66 -63 12 76 67 -61 97 -95 98 43 -54 -83 88 -23 31 -98 -27 34 27 51 7 -42 -52 -15 -16 -46 -74 -23 94 -67 66 87 -56 11 41 63 16 94 -26 37 53 41 -83 27 62 -77 17 -59 69 -67 -73
12 -75 -93 47 89 -2 17 -43 69 -29 85 30 -57 -49 0 -16 21 -35 38 -69 36 50 100 -68 40 64 -100 -62 86 39 -58 27 -77 47 64 40 92 10 63 -100 -97 18 -92 -38 -70 50 37 90 -52 89 -2 -4 -3 -21 -75 -73 86 -33 -6 72 98 -61 69 -30 -74 12 7 44 71 -52 -87
19 -3 -41 -50 63 100 90 58 -91 12 22 -83 65 20 -41 -76 4 -12 -15 -32 70 58 -65 32 -72 -21 3 -99 69 38 -19 -26 28 -94 81 21 -61 -22 -94 86 25 -73 30 9 45 61 57 -41 22 -93 -72 -10 36 -47 -10 -93 19 66 20 -68 14 64 98 -63 -34 -75 58 -79 58 -18 14 92 -18 69 24 -84 92
-74 90 75 -56 -98 -20 -70 -87 13 -78 59 40 66 -50 -82 -99 81 -23 56
1 73 -76 -24 29 93 -36 67 79 -52 -55 -74 79 -72 -67 47 -60 -75 64 13 -84 6 -44 -22 -96 26 95 26 -11 -18 75 -84 -85 -47 -86 -86 -61 86 -95
93 -53 45 20 -77 -86 -46 42 -1 54 90 97 -49 -67 -38 44 15 77 8 -34 -37 -54 58 -81 -45 -64 -22 -98 73 95 39 -78 -61 25 93 -26 2 -20 28 -73 -79 95 -14 -43 1 75
-73 50 26 85 -65 -90 -2 60 -69 11 23 -5 -50 99 2 -60 40 79 35 -46 -41 3 9 55 -83 98 69 91 59 47 45 37 99 58 64 47 -28 -90
83 -18 46 43 44 -94 89 -49 64 77 66 -39 52 15 -83 66 -99 -28 -19 48 -18 -33 13 -4 21 -59 -69 -1 -41 53 89 22 -77 87 -51 94 93 73 -47 41 54 -2 33 -8 -68 46 16 -33 -19 83 82 -69 -62 -24 -83 -15 -15 87 7 -51 -89 -3 14 10 27 -49 43 -99 -3 -34 -72 -40 71 -75 84 2 69 48 12 -18 28 -1 5 9 -96 -63 -13 23 -29 30 -92
-80 -20 92 -15 -39 -16 -87 74 -54 98 -47 2 36 -11 16 84 -13 -37 -75 73 82 -44 -54 -100 19 41 -26 49 23 23 27 82 23 -30 -95 23 -23 39 69 -90 62 64 71 38 3 -4 97 52 87 97 87 85 76 -49 -38 -44 42 76 -74 54 -86 47 -15 -59
2 -100 58 47 -43 -34 -20 86 -60 15 42 32 -68 93 83 -96 50 -65 100 -97 -39 -22 -100 0 -89 -69 -36 -59 -77
23 -57 94 8 49 -93 -9 -29 -90 -32 51 43 -64 76 36 96 -100 20 14 -7 76 2 3 -97 93 29 -84 -74 -75 62 -2 -32 17 -93 100 -89 -15 -22 49 24 10 78 8 43 69 83 96
89 -88
