1 2 3 4 5 6 7 8 9 : 0-8
1 2 3 4 5 6 7 8 9 10 : 0-1, 1-3
33 33 77 82 50 30 25 96 54 46 76 : 6-9, 1-0, 10-0
48 81 82 86 32 44 15 60 7 53 64 78 54 95 31 : 9-1, 8-2, 13-7, 14-10, 9-11, 10-11, 13-14
100 2 55 83 32 30 26 13 26 93 : 0-8, 7-4, 5-2, 6-4, 2-7, 0-5
93 16 10 88 9 5 12 55 38 12 16 41 : 9-8, 2-9, 7-0, 9-1
46 81 35 43 74 93 68 28 36 16 17 91 90 97 56 15 70 72 57 30 : 3-9, 19-14, 0-19, 12-11
59 50 87 38 34 94 71 94 73 46 74 50 32 16 66 8 : 11-4, 2-1, 12-14, 4-15
87 43 66 70 1 9 66 99 47 87 8 41 32 78 79 15 4 : 7-15, 14-12, 4-2, 8-10, 11-4
10 68 29 85 44 62 83 31 78 5 51 61 40 : 11-6, 8-3, 11-10
22 67 48 23 81 64 8 11 21 66 24 63 41 20 71 30 51 74 38 31 : 7-8, 12-14, 18-10, 6-7, 2-17, 5-1, 11-6, 17-15, 6-9, 16-15, 17-15
67 25 100 37 13 29 65 26 13 56 9 25 42 53 4 38 83 : 2-1, 5-16, 8-10
5 83 26 5 79 70 85 9 34 61 99 68 39 98 21 36 55 18 77 : 14-7, 16-16, 15-3, 15-11, 10-10, 14-9, 10-4, 12-1, 16-11
21 72 33 20 66 25 75 93 95 37 22 37 90 44 52 : 4-12, 7-5, 13-10
65 54 36 5 59 90 15 84 31 28 58 59 90 31 40 : 8-13
92 37 54 60 44 86 13 93 99 3 41 74 42 37 26 56 : 8-10, 13-9, 7-3, 15-3
23 44 38 99 78 5 45 1 90 93 : 1-9, 9-8, 6-3, 3-7, 0-4
48 91 71 35 5 21 18 15 83 44 94 42 35 : 10-8
44 22 50 18 21 53 4 26 56 72 30 66 : 2-3, 7-10, 3-6, 3-0, 0-0, 4-1, 4-0
22 71 51 72 25 57 95 41 90 57 6 87 47 21 42 4 6 : 16-10, 12-13, 6-4, 15-4, 14-4, 6-4, 8-9, 11-11
55 36 64 75 67 68 71 37 57 29 31 99 5 95 19 : 9-14, 13-7, 4-1, 8-3, 5-14, 13-4
68 15 6 92 76 75 69 67 71 50 85 : 7-9, 4-3, 3-4
29 90 33 94 24 46 2 92 65 42 34 3 29 38 98 60 : 8-14, 2-3, 4-12, 12-7, 3-4, 4-9, 10-1, 11-9, 11-12
11 30 83 35 95 24 44 82 19 5 37 42 66 38 12 : 12-7, 5-9, 14-0, 0-9, 8-6, 9-2, 4-4
8 5 43 70 31 21 15 42 89 5 89 57 93 92 25 87 51 92 98 : 9-1, 13-11, 4-10, 14-9, 9-10, 2-8, 11-6
38 81 67 69 46 92 47 77 28 3 83 : 7-3, 8-7, 1-4
23 48 73 73 79 94 52 45 44 9 : 3-8, 7-3, 3-9, 5-6
85 80 90 42 36 30 100 85 45 32 83 75 67 18 88 60 87 43 : 8-16
84 47 62 76 78 97 71 71 73 56 16 : 7-6, 10-2, 1-8
22 55 11 79 63 28 50 76 34 38 : 9-4, 5-5, 5-3, 9-2, 2-4, 4-2
4 80 81 26 66 49 6 26 92 93 69 62 33 30 45 47 : 6-14, 10-4, 1-14
34 94 70 26 9 87 98 58 84 7 34 : 9-7, 7-0
64 9 53 44 94 98 42 79 60 78 74 : 0-6, 5-6, 3-1
63 18 88 73 73 100 4 8 8 57 80 2 88 50 53 3 : 9-12, 2-14, 8-14
38 100 19 82 84 20 38 65 15 73 4 96 37 62 : 3-3, 0-1, 2-3, 0-9, 2-10, 0-13, 1-11
14 78 18 42 42 96 38 72 53 92 22 1 93 85 52 52 : 5-13, 12-10, 5-15, 15-12, 10-3, 13-4
93 29 55 76 3 92 90 20 68 31 80 : 8-2, 2-3, 2-2, 9-9
43 26 36 81 64 70 81 31 18 42 64 : 3-0
77 51 82 100 29 41 71 38 63 51 : 3-8, 1-7
94 83 22 94 74 96 16 98 59 2 29 37 47 16 : 13-0
43 56 97 91 39 80 21 50 91 25 47 78 89 53 54 14 39 9 72 63 : 14-15
61 74 81 45 20 54 100 81 26 81 74 89 31 64 : 12-13, 2-1, 1-6, 3-7, 9-13, 11-9, 11-12
23 56 14 88 18 35 91 14 85 48 31 78 10 : 2-4, 2-11, 11-4, 0-5
17 82 52 78 58 64 98 79 25 94 64 55 30 : 6-11, 3-0, 0-7, 5-1, 3-10
39 32 25 19 46 31 90 6 51 96 55 93 100 40 92 1 : 0-5, 14-6, 15-6
75 98 69 47 94 93 85 64 41 13 84 : 3-10, 1-1, 3-7
38 88 17 3 55 46 21 74 90 10 45 67 70 78 : 10-13, 7-0, 1-5, 9-11
10 34 21 71 48 15 14 21 17 70 1 16 9 34 52 : 5-3, 4-0, 11-14
98 24 22 89 79 86 24 73 86 10 53 50 15 97 5 80 18 7 87 : 11-16, 13-13, 18-18, 1-5, 18-12, 6-13, 5-1
91 24 17 84 64 92 77 2 38 96 32 48 50 91 60 81 43 90 31 80 : 7-5, 5-5, 10-11, 8-1, 6-10
43 9 32 29 39 75 47 18 84 51 30 19 26 58 20 : 10-2, 8-12, 1-10, 9-13
89 42 33 69 39 52 58 45 32 45 : 0-8, 2-3, 3-9, 0-5, 8-2, 9-9
69 86 33 96 36 88 40 27 25 57 92 6 53 62 71 100 41 58 7 63 : 19-7, 6-19, 0-10, 18-3, 12-0, 8-11
54 80 8 50 17 46 69 75 37 80 60 45 76 9 95 31 40 44 : 11-11
93 47 55 32 13 20 45 90 12 82 92 34 32 49 11 77 70 48 78 23 : 2-8, 7-5, 9-11, 14-15, 14-8, 16-5, 14-11
24 33 39 62 23 11 66 47 80 62 27 46 83 43 77 19 91 45 6 49 : 15-0, 7-6, 6-3, 18-4
52 81 36 57 74 33 32 98 79 99 32 68 99 78 23 32 14 74 : 1-1, 15-7
44 31 13 17 66 51 30 6 35 75 40 81 100 32 82 86 51 27 32 40 : 17-19, 10-12
61 86 65 79 70 82 16 97 89 46 19 54 17 : 7-12, 2-10, 3-9
76 27 75 86 23 91 27 73 81 40 97 58 27 63 51 100 36 67 59 : 8-16, 8-16, 3-11, 6-5, 18-12, 11-0, 15-17, 10-13, 1-7
62 97 74 40 60 1 76 31 29 96 : 0-3
99 31 43 3 6 95 14 6 81 40 68 30 99 19 : 13-8, 11-3, 0-4, 9-4
28 96 59 16 100 97 29 84 73 51 93 24 51 34 55 38 15 65 67 : 9-5, 0-16
6 44 77 29 19 97 11 12 83 41 56 83 56 80 24 : 12-7, 0-7, 10-6, 10-6, 12-9
11 52 48 37 54 97 80 77 69 90 52 59 1 13 80 82 39 84 : 0-6, 16-3, 7-7, 4-7, 7-7
88 39 89 16 96 35 41 31 22 4 21 24 70 55 20 : 8-9, 2-12, 3-0, 6-8
1 41 90 92 43 88 1 77 70 45 41 51 99 9 67 : 0-3, 14-14, 0-8, 14-2
23 73 18 29 35 11 11 76 60 33 4 76 : 5-8, 8-8, 4-6, 11-8, 3-7, 1-0, 10-8
39 24 21 47 17 28 22 18 13 56 23 37 77 : 8-7
46 76 83 34 71 25 37 67 1 14 67 99 79 22 67 52 94 : 2-13, 8-6, 11-14, 12-16, 1-3, 16-7
20 45 64 11 52 2 46 90 14 53 52 81 50 86 70 44 72 27 : 7-3, 0-10, 17-10, 5-15, 0-11
36 48 99 71 53 90 90 74 79 77 99 6 99 : 3-6, 1-4, 7-3, 0-11
27 57 20 92 31 29 84 25 19 76 36 93 31 46 5 : 7-14, 10-8, 4-3, 4-12, 3-8, 1-0, 14-12
36 27 69 1 32 77 13 25 78 42 19 95 47 15 37 : 11-6
60 83 94 10 75 44 99 71 95 16 64 91 87 28 28 92 : 11-6, 10-8, 11-12
24 99 18 52 66 20 76 61 8 18 44 10 97 87 90 73 30 : 12-13, 10-2, 15-4, 13-13, 16-7, 14-7
8 62 29 75 84 100 44 94 62 39 44 72 92 83 25 67 53 : 4-11
92 11 47 60 81 42 66 53 20 99 44 60 29 : 1-10, 1-2, 2-2, 5-6, 8-4, 11-11, 9-0
35 40 22 26 33 6 94 90 44 95 27 46 14 50 1 85 51 8 66 57 : 1-9, 10-10, 2-16, 10-8, 12-16
48 34 46 85 7 13 26 85 1 95 25 42 69 : 8-4
18 9 66 15 65 66 56 63 77 26 36 58 76 47 65 51 35 67 17 83 : 6-7, 19-6, 12-14, 19-12, 9-1
52 91 3 90 92 49 6 73 65 67 47 : 0-0, 3-2, 9-5, 6-3, 5-9, 1-7
24 77 80 57 34 98 85 83 45 95 36 13 29 83 32 1 : 15-12, 3-10
40 34 3 35 56 36 42 36 83 95 63 3 47 73 30 : 12-14, 5-3
89 78 55 71 52 71 4 11 86 2 98 24 48 60 : 8-0, 3-1, 6-13, 12-9, 4-5, 0-0, 0-12, 8-0
35 46 66 43 25 75 58 59 98 21 3 18 76 24 40 12 69 42 81 : 18-9, 8-0, 1-17
50 32 99 98 80 13 63 97 79 16 17 56 29 7 : 10-6, 2-6, 6-4, 10-13, 8-9
91 27 92 88 55 20 21 72 36 73 3 96 22 45 77 96 45 37 28 94 : 13-13, 9-19, 14-18, 12-10, 15-1, 18-19, 12-16, 18-11, 0-8, 2-1
73 97 46 74 35 31 52 45 53 42 59 9 44 93 39 19 : 6-4
70 45 85 10 21 70 64 36 1 71 73 : 7-4, 3-8
44 1 6 79 88 64 18 88 91 68 35 47 90 15 58 40 16 95 : 8-2, 1-1, 8-9, 12-1, 8-15, 9-3, 12-17, 13-3, 11-12
12 77 9 11 26 87 93 92 77 72 7 : 1-0, 6-2, 3-2, 7-3, 7-2
34 25 13 71 51 1 47 10 88 59 40 66 31 43 45 66 53 9 49 56 : 3-5
85 30 40 31 61 4 76 34 85 64 47 94 33 32 46 : 8-2, 8-6, 0-1
9 52 65 83 40 85 23 38 91 59 : 8-5, 7-5, 8-4, 2-0, 0-0
50 98 67 33 12 14 49 4 55 81 76 39 86 65 78 37 10 85 : 15-4, 2-9
60 90 50 12 97 38 78 97 78 45 92 18 75 84 45 100 27 28 69 44 : 13-18, 1-3, 4-11, 19-16, 10-2, 9-16, 8-2, 4-2, 1-15, 1-8, 0-10
100 3 82 33 42 50 2 67 55 49 91 68 : 9-11, 2-3, 1-5, 6-4, 2-3
30 24 23 48 37 72 75 66 10 84 83 23 97 24 78 50 16 17 : 8-6, 15-8, 6-10
28 21 88 64 58 51 37 13 46 56 44 59 85 26 47 64 25 : 8-16, 13-5
20 75 50 40 71 71 64 10 61 51 79 60 42 64 : 9-2, 1-8
92 76 71 57 39 80 14 66 74 48 57 81 : 7-7, 3-7, 3-1, 0-10
