4 3 3 5 7
3 20 30 40
95 7297 626 2317 6944 4798 6566 6841 7487 293 3134 4304 8110 2766 7005 1779 2496 1067 9149 8375 3859 667 8297 1001 5574 8709 86 4123 9256 90 2937 9003 3725 9969 332 5784 4154 4574 2977 9964 8642 4714 5389 3141 8064 5970 5161 914 2194 6075 3294 2929 9585 7267 6060 9941 9243 9621 7147 5582 7728 3874 759 4505 4567 8752 3867 825 5147 5551 433 2316 2343 2157 280 9847 9882 2449 8119 783 4615 1336 802 5718 8638 6518 8826 3520 1480 2645 7740 615 2540 6065 8169 9599
61 3494 7211 9944 3116 2443 339 3543 2534 1537 9064 1847 5529 5675 3099 9813 5244 2549 8446 9200 3305 7742 6722 3618 9642 1087 2936 2159 9072 7569 151 9916 4764 9429 9642 3948 3526 6207 5295 1415 248 5833 1483 2215 6939 4022 8686 2456 248 9861 548 3742 3818 4303 2038 8039 4908 7402 3282 1291 1248 9694
47 1779 7466 8718 1211 4967 4902 4463 269 3169 6618 2438 4911 4122 1555 5530 9280 952 4162 8144 4218 1683 4615 7121 5625 2715 9361 14 9742 8947 1602 7189 1392 3130 7531 2404 1581 435 4997 2576 9262 3477 8462 5552 761 8512 7033 6686
71 9368 5388 3183 3468 5677 541 5507 6561 774 8097 6735 3629 191 8407 1324 4989 8246 628 3738 7955 8145 7386 2710 2299 8897 8627 3790 3625 8697 7927 2245 6262 2816 6342 8797 3355 2011 132 119 8935 8800 5057 5049 72 291 3297 5160 4354 9954 3029 4605 3424 2307 5330 5413 9267 399 4461 7502 5141 5337 2992 9357 2302 6339 9302 9366 1278 9631 6329 8908
82 2960 9417 1588 1077 5076 4837 8099 7975 6261 5302 3502 1311 9105 1153 5076 4273 524 9961 7374 9110 3691 7638 6447 4668 2533 2482 4052 1311 6274 6002 5893 9340 8869 2180 1135 1924 1320 6346 9255 7728 9418 6489 1613 9919 9865 7179 7731 9047 2637 2185 577 7387 88 8629 8646 9339 5062 6760 9006 7185 6556 7705 9483 6013 6006 9861 2178 4583 1510 7462 5632 2139 8235 8975 5446 303 4164 5480 6122 9459 825 404
66 7415 8346 1290 6921 3084 1710 9194 7315 3458 6767 5740 5781 7355 3570 9526 1522 4717 1989 778 1535 1449 9268 5233 293 7868 5563 5689 9476 7764 5280 4740 7768 8743 1763 3953 2827 2954 2957 3196 1659 7193 8301 7282 220 361 9486 2774 3580 2184 6636 1969 3870 7012 2905 6775 2857 781 7056 4527 738 3504 119 2239 2812 4435 500
4 3 3 5 7
3 20 30 40
3 4749 2860 3067
82 1090 5333 9996 1091 4765 9114 2311 1727 2383 4177 5030 9178 5803 9229 8674 5984 9503 7605 9071 1691 272 1689 2976 2255 3843 655 3141 9381 3870 5045 8878 4087 6214 5792 4699 924 9308 1979 923 3244 4241 9048 395 5811 5021 6755 7718 9410 5522 6804 1207 4397 1112 8216 6586 6226 413 8940 202 5850 2354 482 8685 473 4529 8351 2746 9453 3656 1076 8640 6847 3639 6577 7201 3322 4317 9344 9498 9274 521 3297
