72 64 150 | 100 18 33 | 13 250 -6
10 25 -30 44 | 5 16 70 8 | 13 1 31 12
100 6 300 20 10 | 5 200 6 9 500 | 1 10 3 400 143
1 2 3 4 | 5 6 7 8 | 9 10 11 12
-388 -307 989 -679 -770 -667 3 409 716 812 34 -699 -502 | 260 -543 414 352 47 373 407 -152 590 -715 489 420 -727 | 473 21 73 -926 -190 -640 -973 472 -327 415 -299 -259 -701 | -369 -486 217 960 895 -607 242 66 543 990 839 -863 -913 | -132 892 -466 -554 982 -680 775 -800 143 741 -590 -805 -632 | -971 -626 -735 810 -767 -468 103 882 -57 -804 -551 366 -650 | -119 -226 769 -894 623 678 790 795 -798 914 -932 -113 -32 | 412 -158 -190 -596 -828 -427 55 -593 -859 -748 656 475 365 | -188 -84 -539 -265 -772 399 -500 320 -241 29 -846 36 673 | 643 882 -480 858 -246 844 608 -300 -78 -394 -262 -158 -848
866 272 400 -13 -645 611 -20 -427 | -87 518 778 584 -382 -492 78 809 | 581 510 426 771 677 461 179 -393 | -222 -822 -132 -943 -672 236 -627 339 | -854 417 261 492 47 848 400 -124
-411 -228 -493 975 167 -984 739 -835 -474 -302 410 -971 377 -597 763 | 923 -155 -348 -819 93 -959 978 -854 836 -91 -217 -619 522 837 177 | -464 -371 -540 602 378 778 -240 -196 -950 -868 -723 628 285 -248 -972 | 715 943 -353 161 955 -679 -926 -894 200 -391 678 727 271 -365 -325 | 985 914 -699 475 -980 225 161 -248 -180 750 243 219 -931 985 -688 | 391 102 579 -978 -29 862 -609 556 56 -927 89 -57 -257 -56 -461 | 630 -829 -396 -106 347 -503 731 468 83 -666 798 304 -203 97 -501 | -548 -988 86 -35 582 869 658 195 723 -623 -597 319 601 9 -82 | 976 883 11 -157 359 -532 428 84 -206 -745 627 -891 -503 -166 -816 | -697 -819 718 -754 -980 -557 -314 -289 -240 210 609 192 -598 683 849
676 -725 -261 -260 -3 43 891 716 -27 298 439 266 -115 22 406 | 419 -420 -617 -726 -689 -29 742 -296 -568 239 159 -463 -90 675 560 | 651 347 -542 -141 450 887 -851 768 42 -108 -160 -748 946 34 -151 | -380 220 155 147 -923 537 -47 -706 -655 191 834 76 240 492 996 | 700 -206 -807 -659 -289 347 -51 491 -138 -130 -305 -718 -90 378 -791 | 854 -332 252 -132 -145 -111 -862 674 255 656 349 -378 -848 -882 277 | -686 965 989 -386 427 96 -482 920 458 865 -316 -50 -266 761 178
573 -818 -197 -968 -539 -677 -310 -819 -217 741 533 -408 -511 126 832 -650 | 643 326 -592 -796 -727 118 -781 483 756 707 -724 -267 -881 -665 -593 694 | -541 82 -108 213 -319 16 740 240 808 892 -484 -784 -444 425 994 -410
-833 -433 224 177 288 -187 -146 -904 924 | 678 245 -926 -672 -799 279 603 842 -870
784 -814 -933 563 -661 724 278 958 345 -358 562 383 -498 | -743 -906 563 124 -550 -81 897 -797 320 568 82 -486 -789 | 821 223 -713 -117 -497 514 -858 -950 433 633 -641 -120 -50 | -614 358 122 132 -792 619 -637 245 -192 283 556 -828 -530 | 50 -647 -969 207 471 885 299 670 869 -734 949 50 -482 | 127 109 983 600 -736 -138 -675 -246 187 -790 56 -915 -492 | 111 -505 800 -186 951 651 -577 263 570 487 -643 -424 882 | -900 929 -367 544 586 -407 -590 915 740 879 342 817 274 | 463 -355 456 767 -232 -690 -253 -882 -983 -534 791 -326 774
-16 126 47 -933 415 372 -456 -47 -74 -475 -932 507 | -729 79 92 658 -284 -801 723 -371 265 -243 -12 -256 | 265 743 180 -706 240 558 281 182 64 -378 -219 -141 | -343 -276 -633 822 599 936 200 -264 -28 -936 -405 125
568 906 2 40 461 -915 -433 -437 575 -345 793 282 833 708 -462 -162 -395 253 280 | 203 -695 -318 998 -55 -77 338 -984 -23 -505 381 -581 985 947 758 263 435 -566 -269 | -306 -166 -584 -576 -478 202 775 77 389 -247 336 -350 85 -151 -909 332 -442 -21 482 | 221 906 -796 84 -684 -6 -107 244 -207 857 -771 -370 -667 -199 988 432 -72 -196 285 | -768 -398 489 281 199 235 -750 388 -550 -444 -398 -465 -314 852 418 676 52 -829 -59 | -985 753 -612 635 596 180 -641 -215 801 851 -879 -207 993 -93 989 -693 99 484 -719 | -191 -205 459 -691 793 -46 869 472 240 -858 -81 -566 -473 865 -849 -770 525 351 458
-549 -346 271 577 | -959 514 698 791
945 -519 453 -472 594 600 -818 432 -146 -194 434 967 -1 | 26 -336 -423 -6 -705 637 777 -602 767 238 427 -660 -947 | 128 363 -295 -359 -588 -706 -341 712 64 603 200 -6 -524 | 800 -978 917 349 -21 157 -194 258 903 -632 241 526 -307 | -904 -581 -100 -91 346 -817 -399 -583 434 -354 27 596 -479 | 869 506 707 341 421 762 -993 215 -491 -848 403 777 245
949 700 -166 -598 -650 174 -627 896 750 -714 -878 | 86 427 -79 522 398 -498 768 563 27 674 508 | 961 761 365 -113 149 788 -139 744 -90 250 984 | 808 153 694 137 -338 -448 -338 866 472 -376 84 | 716 -642 238 -918 -524 686 -844 -707 668 -74 407 | 456 479 469 462 818 -812 254 606 368 858 -326 | 240 795 -579 573 -128 -551 -383 -786 -251 550 593
-994 438 291 578 | -813 86 -772 -862 | -414 192 760 435
-194 583 -488 975 -498 -963 444 -608 118 -783 70 671 | -447 -374 -554 996 -465 -967 -234 67 775 557 -512 493
-657 310 766 -561 948 -454 -501 526 -934 -969 -714 437 -28 -872 995 -269 814 | -607 -916 -62 89 646 -918 -128 -809 55 795 -168 -45 -310 -158 -449 -561 -447 | -52 -669 780 943 881 815 572 905 264 -867 939 155 -475 -950 -20 -101 -87 | -71 742 268 584 -470 -942 -58 417 -536 16 729 -708 -556 -390 578 -648 264 | -329 -5 -814 -659 199 -536 968 221 642 -513 -365 -320 977 -690 103 -178 -767 | -720 897 -161 458 576 98 82 417 47 403 -997 270 -528 -989 -949 -66 -864 | -55 -982 422 532 692 -957 867 808 394 -430 630 -259 575 270 883 -486 -613 | 878 -980 -981 -38 119 649 295 -724 815 -173 757 779 -637 417 -513 259 197 | -156 790 -287 596 -726 -845 927 -808 890 -536 -462 -360 -246 100 -841 369 599 | -128 379 541 583 -282 300 -157 818 -21 -51 152 870 -220 -171 697 288 -143
-881 -722 -456 -837 810 | 793 -961 654 -667 784 | -338 -559 -475 -916 -982 | -39 845 175 -194 387 | 584 -707 -3 -266 -199 | -247 651 -930 430 -531 | 191 -403 -849 -22 -240 | 626 -245 899 269 -948 | -418 896 632 -728 342
788 -720 232 -922 535 437 428 -963 681 -527 -800 -157 -624 -158 231 -948 -535 | -22 -318 197 835 417 94 523 145 -799 -992 -154 -178 -343 -11 -387 -429 860 | -450 -677 -745 311 475 -747 -293 896 446 -338 149 -850 800 -117 -939 -868 541 | 953 348 841 -91 422 31 -649 -966 -761 278 -487 -340 728 712 422 -212 645 | -739 841 223 767 41 -145 -600 146 109 -260 847 758 -573 986 792 -82 -898 | 742 798 454 751 636 -327 772 -444 812 -804 -435 197 -819 -134 228 374 436 | -114 335 221 -476 398 37 597 561 254 894 -776 96 806 -589 -785 934 -782 | 891 -370 816 896 -407 -102 -410 445 563 -271 984 -501 -278 -941 -827 -202 564
-986 -390 -205 88 397 -670 -645 -572 -762 548 -964 -496 -939 809 406 -123 -654 46 -114 84 | 279 639 634 247 -142 759 -433 216 400 585 491 -432 830 -449 -957 336 648 -261 -518 150 | 972 339 103 860 163 -112 213 97 191 -433 149 284 609 1 547 856 119 -196 830 779 | -725 953 -537 -494 -397 144 -772 843 31 -969 952 498 586 527 -689 -767 826 824 220 -487 | -609 270 -621 260 -61 -41 -54 -907 -628 319 -985 721 -110 -670 -376 -137 -402 612 -794 -892 | -753 -410 667 37 474 80 -544 -608 946 33 -996 -518 -552 -386 578 50 -893 -788 -392 573 | -430 492 -99 21 112 -643 -54 -927 -200 -262 -219 -51 -65 180 -559 -727 -366 216 -775 353 | 657 853 -356 -184 150 965 -203 825 963 -37 577 -628 -727 -347 82 -548 377 911 919 508 | -741 -425 930 613 -267 -913 -981 408 17 -226 -847 326 896 -46 -203 340 -766 -870 795 968
1 2 3 4 | 5 6 7 8 | 9 10 11 12 | 100 200 300 400
-557 484 497 690 733 | 886 909 629 722 -202 | -617 -577 -404 -291 840 | -758 42 -643 -149 143 | 435 746 505 -772 632 | 444 213 622 -580 101 | 508 411 -755 -69 -390
-358 -557 -595 344 912 927 -929 -319 -694 24 -283 | -307 973 -103 893 671 258 875 584 -467 606 330 | -905 -710 445 775 4 -808 772 134 152 725 -113 | 396 -647 -727 582 60 -50 132 -47 -922 645 -396 | -660 -204 -425 -269 526 388 -36 -394 -837 963 9 | -15 -799 940 -746 379 630 -886 -90 -996 -322 445 | -369 273 327 -447 10 -946 -990 -772 141 -148 689
28 -189 49 -382 -803 -515 931 564 -352 581 238 16 971 96 -502 -847 -706 -61 381 | 67 -471 348 825 489 -638 -438 -107 523 794 105 16 32 -200 793 -823 743 -704 -259 | 181 -195 -895 -496 110 133 -978 -84 608 -48 -144 162 522 581 -858 -846 -440 614 232 | -551 544 -332 587 -240 117 460 839 836 482 614 319 929 280 407 609 -565 -104 -214 | -906 -885 -737 -89 -12 947 672 366 -701 -24 492 20 433 -379 -772 -745 -242 -356 -664 | -485 625 -586 737 -439 -855 -771 340 675 176 -291 57 930 823 194 -611 -18 -83 -367 | -234 944 -360 -273 -223 88 -894 349 -806 698 888 -831 -182 569 -214 -240 -78 -303 -32 | -234 -197 -56 296 648 170 489 491 477 -722 794 838 -88 -223 221 881 183 606 312 | 490 576 14 -883 358 -366 226 -467 -15 -394 180 429 889 -462 265 958 28 798 791 | -397 -241 -139 313 -741 -909 707 947 -915 32 -775 283 -888 808 414 281 -949 753 -414
317 -786 16 -22 -307 584 817 199 537 -58 872 319 -579 -20 -29 -358 -544 -758 444 671 | 777 -137 -518 -815 -271 -750 292 148 143 -693 1000 -958 -570 798 -662 -776 997 719 301 916 | -181 -919 304 -734 -82 -262 820 -573 813 712 -802 -375 335 86 50 112 646 -520 453 -739 | -306 189 -869 -235 354 -371 435 978 -397 -20 -167 -992 311 -445 -44 718 201 222 -544 -128 | 997 -43 799 930 -549 801 -21 -186 -426 850 468 -372 27 -457 -713 -238 71 971 325 784
381 -43 987 -155 -388 -193 520 -758 -637 | -462 -403 787 497 -511 -909 431 -926 973 | 588 -902 -1 481 705 504 -565 962 -581 | 476 914 -622 88 346 143 -614 -200 -773 | 700 134 611 874 -480 66 -809 954 -359 | -477 451 228 647 490 -870 -291 -5 9
100 -137 -446 27 -745 -962 4 758 -327 363 -504 990 -116 168 -236 -793 723 | -795 878 -848 -648 -895 -439 503 -743 635 465 -684 -326 320 -136 -342 200 -516 | 475 -541 254 -489 112 72 -694 -65 498 528 311 -555 638 953 492 -928 -194 | -656 537 -917 186 31 271 -366 379 -263 -926 -322 -404 318 -70 -181 -797 -760 | 405 45 10 52 -417 -787 -703 -246 609 824 -125 -198 727 -33 918 -863 -404
335 344 373 731 -84 682 904 -395 -770 849 -932 459 174 -824 881 608 64 904 475 292 | -815 -889 -883 839 470 624 -604 878 735 -342 -694 792 183 -688 115 87 -190 436 -558 -347 | 876 137 -668 661 985 777 -7 -162 -226 610 -594 948 851 -147 -168 434 -924 -794 266 -33 | -700 396 -825 -40 -428 914 -630 139 356 704 -778 -999 -419 -225 -234 380 -926 583 75 -43 | 528 282 278 133 -481 211 408 -888 -914 -808 823 282 -745 628 -475 26 751 -571 -294 260 | -678 -465 237 700 -815 326 226 -240 858 -882 -654 855 -151 342 -492 651 758 -927 672 938 | 304 718 529 730 -208 -153 518 591 59 -696 689 933 331 -529 284 -176 -479 481 133 -111 | 66 -496 -105 911 156 526 961 -611 -809 122 940 746 153 -502 126 421 -966 479 -70 175 | -749 646 937 -380 76 -30 -273 613 -777 -31 566 -696 -792 981 290 -161 -180 -859 640 674
921 60 884 923 220 -735 -390 -516 -492 -635 -842 459 -228 998 -990 -828 147 402 | -693 624 -404 -895 -184 -863 -61 189 -588 923 -206 -151 962 397 572 614 364 884 | 389 977 -69 -834 172 -848 -819 -923 -972 232 -370 693 366 568 361 82 -421 316 | 37 -908 -863 807 -971 886 927 -950 -403 309 434 -371 239 513 615 -756 642 -722 | 371 -411 -461 -466 -580 -497 273 681 -517 -801 979 -225 -65 688 254 -785 515 -268 | 656 852 132 -111 259 -649 475 305 -766 -287 61 770 322 -58 -789 414 -893 931
789 -704 994 -209 843 -966 -211 -433 -119 -294 302 169 91 403 -169 -110 -896 677 | 187 -31 985 102 -652 830 599 757 -974 700 389 -186 624 -829 -295 -905 -113 24 | 396 -901 -730 -797 736 896 827 -305 -166 -590 918 -854 437 546 -239 725 5 710 | 872 239 -8 509 593 652 -676 269 803 338 -529 -822 -449 610 -870 -162 306 83
-821 696 -402 -50 -455 -634 412 37 -729 -34 869 -392 826 875 70 -259 -656 -963 | 110 621 821 774 204 -344 375 -533 725 672 757 -846 954 397 -232 -686 31 322 | -879 -701 -975 859 -867 641 530 -582 -606 196 186 -411 859 631 -847 539 -414 991 | -156 -940 -133 901 -794 -1 687 988 -574 808 -68 727 -182 -782 -256 -607 10 -991 | -431 -890 -530 -121 638 -141 746 447 248 -815 -871 -132 -827 -521 290 405 -747 777
761 -632 -753 332 -809 255 -314 -686 928 465 | 941 -143 -221 853 315 -278 188 -476 -497 166 | -318 -417 627 99 524 -848 -154 541 -116 470 | 541 515 -422 -282 56 -41 -565 726 -166 -428
804 -530 366 527 -663 -552 57 -670 123 823 -808 983 903 -614 -690 227 571 | -955 -686 -341 308 -458 -689 784 -820 -680 623 -317 -669 728 -370 -752 -949 -539
204 -61 -307 741 71 | -801 -208 374 322 -287
-95 -202 518 -803 -813 118 -286 403 -348 -940 708 675 -699 -251 653 -555 964 805 | 969 993 -411 -634 295 138 -42 -904 -319 385 597 715 137 363 -211 549 -299 -996 | 701 -826 100 -913 481 867 -209 -979 -260 681 83 -281 -916 -182 893 531 -25 -951 | 453 -803 -284 473 -580 -450 -801 -759 961 630 -533 -940 -463 376 -224 -948 -723 -545 | -539 460 660 409 -360 -956 -24 465 -4 -225 611 -926 -463 513 -95 -345 -1 -701 | -813 956 534 874 91 993 745 -33 -377 -315 906 -193 695 960 -290 839 945 -639 | -867 -928 699 866 780 395 337 -406 240 -875 608 41 294 -949 320 838 730 -683 | -44 -780 718 458 287 320 965 861 -182 -19 -972 709 -338 439 806 830 -148 354
-266 -650 259 883 503 705 -998 -411 966 351 -505 -665 -857 | 970 -18 720 -506 624 249 -917 -691 116 -657 -650 961 938 | 281 -630 -327 220 645 -966 827 878 505 -613 -992 539 278
-207 -413 311 -538 565 -562 -856 784 579 -422 722 185 -341 -452 -614 -261 -775 -903 | -693 115 -993 600 840 121 83 720 673 226 404 -910 -863 -251 194 780 -889 -432 | 98 -996 -149 479 -744 -801 -618 673 -439 388 391 890 437 -430 -740 -441 819 820 | -393 341 334 151 64 843 -32 480 563 188 579 -624 -499 407 -240 -567 -729 -989 | 814 785 -705 -760 -97 -762 -84 -615 -345 899 -433 851 -437 986 -214 531 -407 -630
320 -104 -542 -501 739 612 -542 993 -334 356 -274 826 273 74 101 984 398 706 -631 -334 | 448 -349 747 -604 852 -232 147 257 -16 -829 -127 -188 780 -786 965 287 -655 -681 -383 797 | 777 285 -833 -192 976 962 -837 -947 961 -791 54 -759 -718 456 288 445 -965 324 -909 468 | 881 304 694 681 3 357 -197 -758 -138 567 671 -202 601 166 -109 145 110 -772 997 -71 | -990 119 928 939 805 -896 -214 -917 -103 -53 735 -540 855 -529 -42 991 155 -720 -640 678 | 273 151 -571 -512 77 173 -789 357 -102 -479 -299 884 -266 -515 93 253 -306 190 -702 -696 | -581 -659 483 590 717 -972 816 -352 854 532 434 100 -475 -927 852 344 871 740 187 502 | 710 180 779 -758 -40 -339 -750 182 -941 -553 -109 514 -521 401 -943 298 -600 883 987 -976 | -960 -499 -623 -72 -103 538 824 -355 -53 359 -337 612 996 -31 -432 -81 565 -816 49 746
-741 224 533 -436 -204 -975 301 0 -275 -548 -580 369 -968 -126 664 850 998 | 591 -797 -937 -797 -138 27 148 -573 -13 928 179 821 572 -160 -311 16 -810 | 463 -927 590 -445 277 525 246 -45 479 -91 394 34 63 418 765 -935 -247 | -302 -612 382 -867 470 -213 -66 -327 -227 212 -465 -513 -403 -515 -587 836 935 | -565 238 -533 -184 973 -51 -29 -128 175 -897 -275 -912 -656 -434 -627 53 -202
-343 -562 828 -777 887 -884 -31 -359 925 716 -621 | 893 777 766 376 857 930 709 -644 585 414 619 | 462 586 370 -241 779 -953 -324 798 -534 -246 -720 | 630 -736 -627 517 115 -245 927 674 329 112 -764 | -9 -640 895 968 791 184 24 598 -874 -972 -971 | -123 415 -811 688 -116 -267 551 925 -400 -317 -132
-962 -549 -366 -528 746 631 -993 839 -505 -509 850 -477 279 | 370 661 910 -902 310 -233 -625 868 -754 -944 -433 -474 -822 | -363 89 958 -376 282 468 -924 224 642 -949 -245 394 -145 | -565 -751 -4 -564 -384 -860 692 523 850 -975 764 227 -597 | -631 586 815 -697 829 -272 -176 -227 -812 -563 730 5 175 | -873 662 664 879 581 812 451 -513 -102 193 -187 827 -94 | -938 -534 223 -830 452 932 654 -293 78 -47 -799 -629 -483
