70.920 -38.797 14.354 99.323 90.374 7.581
-37.507 -3.263 40.079 27.999 65.213 -55.552
78.622 7.782 100.057 -15.123 -99.177 -64.076 -83.228 87.639 40.486 -95.021 -67.032 28.963 33.099 76.068
70.972 41.568 78.801 -57.965 8.698 62.809 80.351 56.772 30.558 77.631
-32.464 43.611 -25.567 -1.802 -61.838 32.356 -43.019 -92.080 -2.677 -75.166
-33.262 -92.294 47.858 -72.992 96.768 -0.749 81.525 -93.933 -16.670 2.824 14.147 28.845 -55.160 18.954 7.606 80.971 -32.349 96.095
-43.744 -10.374 92.412 68.447 41.785 -100.683 12.497 -59.826 -44.037 77.708 42.788 -20.109
93.465 12.703 -43.706 55.711 -65.163 -73.713 -37.044 5.151 40.708 33.774 -8.742 -40.471 31.428
62.086 -94.691 -68.463 48.960 -3.845 -93.802 -75.131 98.583 -85.096 14.310
6.812 8.991 -33.444 40.215 72.936 -18.909 -94.957 42.934 9.143 -53.170 -38.238 42.349
-15.772 -90.740 -53.144 -34.166 -18.580 -80.386 62.100 27.527 42.193 57.421 -28.719 -54.825 27.420 -48.289
-83.099 55.611 71.135 54.279 23.710 25.589 45.524 40.879 85.595 -95.943 -38.288 39.411 80.756 -60.065 95.118 -75.487
-69.737 -59.094 85.702 -77.824 -77.226 -56.301 -85.311 96.330 -84.129 -44.948 -43.930
-63.707 -30.270 15.830 10.345 -13.356 27.651 -60.183 52.817 -62.382 -20.704 100.960 50.824 73.889 85.377 98.822 -12.490 -43.864 -5.531 25.474
14.673 -62.173 29.969 -47.679 -82.618 -20.030 -5.683 87.558 -80.262 92.915 -40.735 -48.605
-93.479 -84.919 13.203 94.625 -70.176 -96.826 -29.769 -69.131 34.803 25.847 66.446
16.783 -46.500 80.137 35.625 20.256 82.178 -39.653 -98.986 59.852 19.744 89.449 -99.295 88.530 -25.534
-83.752 -93.713 67.650 -72.235 60.227 9.476 83.470 80.716 -82.436 -73.200 -67.818 -26.907 -60.187 -44.806 28.155 84.622 20.978 99.043
92.773 -9.901 11.266 41.027 -39.384 42.101 27.131 38.820 -34.724 -37.516 43.555 15.448 1.925 -26.281
-4.176 -19.071 -57.840 77.667 -2.396 -61.046 -69.264 -5.575 25.018 78.678 27.749 41.423 67.656 61.724 -69.706 -52.730 57.871 56.975
79.484 61.153 -96.499 -22.889 4.204 -88.322 33.864 50.086 -61.104 45.852 -52.974 80.435
-99.770 -30.551 64.357 -82.877 -11.995 -87.445 -20.201 14.417 -63.627 29.754 87.754 -60.756 -28.594 15.224
